reply
T3:1505034624.383103
C21:231668004
C22:231681864
C23:231681868
T2:1505034624.3729016780853271484375
T3:1505034624.383103
R:0.000001000163195560000061450435153
C23-C21: 0.01386626254324384085194883296
C23-C22: 0.000004000652782240000245801740612
T3-T2:0.0102013219146728515625
delay = ((T3-T2)-(C23-C22)*R)/2 = 0.00509866063094530578112709913
R= 0.000001000163195560000061450435153
actual T1 = T3 - delay - (C23-C21) * R =  1505034624.364138076825810853
sync



c21:231668004:value:0:time:1505034624.364138076825810853:receiveT1:1505034624.369815
c21:232669756:value:1023:time:1505034625.366053558304432035:receiveT1:1505034625.371737
c21:233667652:value:0:time:1505034626.364112410500973856:receiveT1:1505034626.369813
c21:234669524:value:1023:time:1505034627.366147911563062237:receiveT1:1505034627.371858
c21:235667436:value:0:time:1505034628.364222766370733019:receiveT1:1505034628.370008
c21:236669188:value:1023:time:1505034629.366138247849354200:receiveT1:1505034629.371875
c21:237667076:value:0:time:1505034630.364189098740331542:receiveT1:1505034630.370001
